1.000000000 0.000000000 0.000000000 0.000000000 0.000000000 1.000000000 0.000000000 0.000000000 0.000000000 0.000000000 1.000000000 0.000000000
0.999999940 0.000245182 0.000098034 -0.000419260 -0.000245165 0.999999940 -0.000169713 0.001112557 -0.000098076 0.000169688 1.000000000 -0.000257604
1.000000000 0.000145061 -0.000034514 0.000068303 -0.000145051 0.999999940 0.000275216 0.000204988 0.000034553 -0.000275211 0.999999940 0.000971117
1.000000000 0.000064429 0.000029410 0.000250946 -0.000064436 1.000000000 0.000216882 0.000315811 -0.000029396 -0.000216884 1.000000000 -0.000106350
1.000000000 -0.000199907 -0.000094853 0.000088589 0.000199930 0.999999940 0.000241481 -0.000079238 0.000094804 -0.000241500 0.999999940 -0.000006871
0.999999940 -0.000381806 -0.000108752 0.000350607 0.000381858 0.999999821 0.000477931 -0.000122496 0.000108569 -0.000477972 0.999999881 -0.000189632
0.999999940 -0.000186333 -0.000333942 0.000736970 0.000186380 1.000000000 0.000139495 0.000275090 0.000333916 -0.000139557 0.999999940 0.000175594
1.000000000 -0.000138553 -0.000129299 0.000142116 0.000138609 0.999999881 0.000431803 -0.000184851 0.000129239 -0.000431821 0.999999881 -0.000126989
1.000000000 -0.000157962 -0.000022521 0.000238498 0.000157970 0.999999940 0.000356817 -0.000062431 0.000022464 -0.000356821 0.999999940 -0.000417719
1.000000000 -0.000022081 -0.000086334 -0.000378854 0.000022078 1.000000000 -0.000034517 0.001195151 0.000086335 0.000034515 1.000000000 -0.000175638
0.999999940 0.000189666 0.000173963 -0.000168838 -0.000189669 1.000000000 0.000016233 0.000565495 -0.000173960 -0.000016266 1.000000000 -0.000297574
1.000000000 -0.000072464 0.000076188 -0.000188268 0.000072452 1.000000000 0.000162927 0.000192972 -0.000076200 -0.000162922 1.000000000 0.000166748
0.999999821 -0.000594676 -0.000098487 0.001153147 0.000594733 0.999999642 0.000583446 -0.000945746 0.000098140 -0.000583504 0.999999821 -0.000639905
0.999999940 -0.000398438 -0.000060063 0.000207754 0.000398463 0.999999821 0.000425883 -0.000386308 0.000059893 -0.000425907 0.999999881 0.000818098
0.999999940 -0.000233891 -0.000118017 0.000136592 0.000233929 0.999999940 0.000323163 -0.000355676 0.000117941 -0.000323191 0.999999940 0.000577806
0.999999940 -0.000302637 0.000023750 -0.000345629 0.000302628 0.999999881 0.000363873 -0.000346871 -0.000023860 -0.000363866 0.999999940 -0.000310186
0.999999940 -0.000329890 0.000179696 -0.000386436 0.000329777 0.999999762 0.000625237 -0.000513679 -0.000179902 -0.000625178 0.999999762 -0.000782044
0.999999881 -0.000539093 0.000052802 -0.000242443 0.000539071 0.999999762 0.000420797 0.000762624 -0.000053029 -0.000420769 0.999999881 -0.000021516
1.000000000 0.000200097 0.000001307 0.000312697 -0.000200097 1.000000000 0.000025959 0.000235660 -0.000001301 -0.000025960 1.000000000 -0.000564191
1.000000000 -0.000210785 0.000059027 0.000305865 0.000210763 0.999999881 0.000375893 -0.000310259 -0.000059107 -0.000375881 0.999999940 0.000253244
1.000000000 0.000000713 0.000084937 0.000199712 -0.000000731 1.000000000 0.000219508 -0.000369945 -0.000084937 -0.000219508 1.000000000 0.000587362
1.000000000 0.000140276 -0.000041709 0.000206630 -0.000140282 1.000000000 -0.000147997 0.001208336 0.000041688 0.000148003 1.000000000 0.001911666
1.000000000 -0.000137571 -0.000140104 0.000845709 0.000137625 0.999999940 0.000385360 0.000295859 0.000140051 -0.000385379 0.999999940 0.000860345
1.000000000 -0.000166438 0.000099578 0.000506225 0.000166404 0.999999940 0.000341959 -0.000169528 -0.000099634 -0.000341942 0.999999940 0.000948248
1.000000000 -0.000124886 -0.000004701 0.000644385 0.000124888 0.999999881 0.000480997 -0.000779104 0.000004641 -0.000480997 0.999999881 0.001096435
1.000000000 0.000071882 -0.000052559 0.000011651 -0.000071862 0.999999940 0.000367889 -0.000548371 0.000052585 -0.000367885 0.999999940 0.000053504
1.000000000 -0.000071654 -0.000015023 0.000362579 0.000071660 0.999999940 0.000383466 -0.000122573 0.000014996 -0.000383467 0.999999940 0.000218323
1.000000000 0.000041415 -0.000011965 0.000292972 -0.000041410 0.999999881 0.000432515 -0.001039163 0.000011983 -0.000432514 0.999999881 0.000665216
0.999999940 -0.000371890 -0.000125263 0.000616163 0.000371913 0.999999940 0.000185336 -0.000208258 0.000125194 -0.000185383 1.000000000 0.000915315
1.000000000 -0.000178727 0.000091566 0.000289668 0.000178705 0.999999940 0.000246587 -0.000142747 -0.000091610 -0.000246571 0.999999940 0.000160762
0.999999940 -0.000354207 0.000155500 0.000153749 0.000354154 0.999999881 0.000340701 0.000116824 -0.000155621 -0.000340646 0.999999940 0.000007267
0.999999762 -0.000644906 0.000052348 -0.000519215 0.000644887 0.999999702 0.000348044 -0.000006481 -0.000052572 -0.000348010 0.999999940 0.000736245
1.000000000 -0.000055295 0.000227008 -0.000270479 0.000055285 1.000000000 0.000044934 -0.000186696 -0.000227010 -0.000044921 1.000000000 0.000236657
0.999999940 -0.000367060 0.000162342 0.000006093 0.000367021 0.999999881 0.000242528 -0.000464757 -0.000162431 -0.000242469 0.999999940 0.000651961
0.999999702 -0.000764314 -0.000032142 -0.000347450 0.000764325 0.999999642 0.000331981 -0.000507304 0.000031888 -0.000332006 0.999999940 0.000918849
0.999999881 -0.000501826 -0.000205121 0.001316994 0.000501857 0.999999881 0.000151920 -0.000048504 0.000205045 -0.000152023 0.999999940 0.002187650
1.000000000 -0.000111641 0.000078574 -0.000292603 0.000111618 0.999999940 0.000287855 -0.000224287 -0.000078607 -0.000287846 0.999999940 0.000459374
0.999999940 -0.000266216 -0.000070342 0.000109569 0.000266239 0.999999881 0.000330345 -0.000493844 0.000070254 -0.000330363 0.999999940 0.000745978
0.999999940 -0.000340759 -0.000047866 0.000282398 0.000340776 0.999999881 0.000350205 -0.000563327 0.000047747 -0.000350221 0.999999940 0.001189408
1.000000000 -0.000162094 0.000131241 -0.000257313 0.000162067 0.999999940 0.000201093 -0.000264398 -0.000131274 -0.000201072 1.000000000 0.000566898
0.999999762 -0.000705339 -0.000028696 0.000017173 0.000705357 0.999999523 0.000637590 -0.000865600 0.000028246 -0.000637610 0.999999821 0.000846385
0.999999821 -0.000605283 0.000072469 -0.000064191 0.000605246 0.999999702 0.000515115 -0.000502565 -0.000072781 -0.000515071 0.999999881 0.000734187
1.000000000 -0.000005282 0.000089678 -0.000158202 0.000005270 1.000000000 0.000132365 -0.000199414 -0.000089679 -0.000132364 1.000000000 0.000779841
1.000000000 -0.000117245 0.000043945 0.000259163 0.000117233 0.999999940 0.000281270 -0.000370713 -0.000043978 -0.000281265 0.999999940 0.000211885
0.999999881 -0.000409197 0.000179129 -0.001785185 0.000409109 0.999999821 0.000489206 -0.000749156 -0.000179329 -0.000489132 0.999999881 -0.000918427
0.999999702 -0.000761296 -0.000083444 0.000367603 0.000761362 0.999999404 0.000792976 -0.001599418 0.000082840 -0.000793039 0.999999702 0.001589784
0.999999940 -0.000043167 0.000251975 -0.000857876 0.000043175 1.000000000 -0.000028453 0.000694917 -0.000251973 0.000028464 0.999999940 -0.000449240
0.999999940 -0.000329505 0.000031509 0.000140020 0.000329502 0.999999940 0.000088928 -0.000460853 -0.000031538 -0.000088918 1.000000000 0.000782463
1.000000000 -0.000038364 -0.000101467 0.001006905 0.000038375 1.000000000 0.000107459 -0.000056692 0.000101462 -0.000107463 1.000000000 0.001398377
1.000000000 0.000105602 -0.000127237 0.000247237 -0.000105569 0.999999940 0.000254747 -0.000389458 0.000127264 -0.000254734 0.999999940 0.000448570
1.000000000 -0.000028553 -0.000013159 0.000164202 0.000028556 1.000000000 0.000238650 -0.000177710 0.000013152 -0.000238650 1.000000000 0.000184100
1.000000000 -0.000149540 -0.000039704 0.000851397 0.000149548 0.999999940 0.000202816 -0.000422541 0.000039674 -0.000202822 1.000000000 -0.000481363
0.999999940 -0.000322278 0.000080491 0.000621263 0.000322253 0.999999881 0.000300565 -0.000230772 -0.000080588 -0.000300539 0.999999940 0.000331142
0.999999940 0.000312200 -0.000043226 0.000750777 -0.000312200 0.999999940 0.000010512 0.000127366 0.000043229 -0.000010499 1.000000000 -0.000100994
0.999999940 -0.000325656 0.000027404 0.000873234 0.000325644 0.999999881 0.000414815 -0.000988561 -0.000027539 -0.000414806 0.999999940 -0.000535217
0.999999940 -0.000352745 0.000055637 -0.000306945 0.000352725 0.999999881 0.000357849 -0.000212284 -0.000055763 -0.000357830 0.999999940 0.000434023
1.000000000 -0.000209304 0.000026213 0.000434968 0.000209300 0.999999940 0.000150387 -0.000120717 -0.000026244 -0.000150381 1.000000000 -0.000099986
0.999999702 -0.000769140 0.000031799 0.000108231 0.000769128 0.999999642 0.000349145 -0.000173045 -0.000032068 -0.000349121 0.999999940 -0.000042679
0.999999940 -0.000391005 -0.000048377 0.000840439 0.000391027 0.999999821 0.000472419 -0.000889908 0.000048192 -0.000472438 0.999999881 0.000248789
0.999999762 -0.000708104 -0.000124357 0.000789023 0.000708155 0.999999642 0.000410137 -0.000672358 0.000124067 -0.000410225 0.999999881 -0.000411707
0.999999642 -0.000797703 -0.000148014 0.000701781 0.000797792 0.999999523 0.000598291 -0.000443181 0.000147537 -0.000598409 0.999999821 0.000444960
1.000000000 -0.000170146 0.000054102 0.000262830 0.000170149 1.000000000 -0.000058361 0.000008401 -0.000054092 0.000058370 1.000000000 -0.000383447
0.999999642 -0.000810278 0.000036569 0.000309834 0.000810260 0.999999523 0.000494368 -0.000449831 -0.000036969 -0.000494338 0.999999881 0.000108849
1.000000000 -0.000178240 -0.000092009 0.000805305 0.000178252 1.000000000 0.000136376 0.000099969 0.000091984 -0.000136392 1.000000000 0.000139310
0.999999821 -0.000573981 -0.000051100 -0.000186614 0.000574006 0.999999702 0.000482513 -0.000291802 0.000050823 -0.000482542 0.999999881 0.000928942
0.999999940 -0.000267785 -0.000051141 0.000398520 0.000267796 0.999999940 0.000227627 0.000068337 0.000051080 -0.000227641 1.000000000 -0.000452563
0.999999940 -0.000230287 0.000132800 0.000110815 0.000230223 0.999999881 0.000481109 -0.000164538 -0.000132911 -0.000481078 0.999999881 0.000482728
0.999999940 -0.000383940 -0.000030762 -0.000051811 0.000383959 0.999999762 0.000623237 -0.000205213 0.000030522 -0.000623248 0.999999821 0.000417364
0.999999940 -0.000365179 -0.000035246 -0.000155337 0.000365190 0.999999881 0.000317200 -0.000074532 0.000035131 -0.000317213 0.999999940 0.000346158
0.999999881 -0.000362601 0.000219649 -0.000461574 0.000362500 0.999999821 0.000460936 -0.000743191 -0.000219816 -0.000460856 0.999999881 0.000949671
1.000000000 -0.000127172 0.000062105 0.000183670 0.000127166 1.000000000 0.000096975 -0.000003990 -0.000062117 -0.000096967 1.000000000 -0.000059282
1.000000000 -0.000119698 0.000101976 0.000212902 0.000119666 0.999999940 0.000319500 -0.000013891 -0.000102014 -0.000319488 0.999999940 -0.000028248
1.000000000 -0.000238274 0.000029572 0.000026069 0.000238260 0.999999881 0.000482156 0.000226972 -0.000029687 -0.000482149 0.999999881 -0.000184938
0.999999940 -0.000353161 -0.000065529 0.000123467 0.000353188 0.999999881 0.000399470 -0.000424286 0.000065388 -0.000399493 0.999999940 -0.000380850
0.999999940 -0.000293799 0.000115614 0.000444083 0.000293775 0.999999940 0.000202996 0.000300686 -0.000115673 -0.000202962 1.000000000 -0.000652343
0.999999881 -0.000413522 0.000096728 0.000275099 0.000413479 0.999999821 0.000451425 -0.000251833 -0.000096914 -0.000451385 0.999999881 -0.000545068
0.999999940 -0.000350236 -0.000085441 0.001036561 0.000350267 0.999999881 0.000365896 -0.000211771 0.000085313 -0.000365925 0.999999940 0.000672904
1.000000000 -0.000183597 0.000085128 0.000421713 0.000183563 0.999999881 0.000400462 -0.000565531 -0.000085201 -0.000400447 0.999999940 0.000115753
0.999999940 -0.000346653 -0.000019507 0.000362281 0.000346660 0.999999881 0.000334639 0.000085620 0.000019391 -0.000334646 0.999999940 -0.000364192
0.999999940 -0.000341550 -0.000015632 0.000406316 0.000341552 0.999999940 0.000154859 0.000342249 0.000015579 -0.000154865 1.000000000 -0.001019703
0.999999940 -0.000380457 -0.000094905 0.001023528 0.000380489 0.999999881 0.000339997 -0.000213703 0.000094776 -0.000340034 0.999999940 0.000236737
0.999999940 -0.000398732 0.000021819 0.000283731 0.000398720 0.999999762 0.000547573 -0.000534451 -0.000022038 -0.000547564 0.999999821 0.000735129
0.999999940 -0.000412265 0.000070243 0.000267407 0.000412239 0.999999821 0.000371426 -0.000397984 -0.000070396 -0.000371397 0.999999940 0.000177761
1.000000000 -0.000136180 0.000044032 0.000537649 0.000136176 1.000000000 0.000089253 -0.000447622 -0.000044044 -0.000089247 1.000000000 -0.000150519
1.000000000 -0.000236311 -0.000031290 0.000835789 0.000236319 0.999999940 0.000262654 0.000365102 0.000031228 -0.000262661 0.999999940 -0.000184104
1.000000000 -0.000101284 -0.000083516 0.000356084 0.000101287 1.000000000 0.000041051 0.001248352 0.000083512 -0.000041059 1.000000000 0.002159420
0.999999940 -0.000288775 -0.000024044 0.000540037 0.000288784 0.999999881 0.000410384 -0.000596206 0.000023925 -0.000410391 0.999999940 0.000963989
0.999999940 -0.000276149 0.000087471 0.000319471 0.000276112 0.999999881 0.000416932 -0.000011709 -0.000087586 -0.000416908 0.999999881 -0.000163676
1.000000000 0.000162200 0.000039840 0.000881848 -0.000162207 1.000000000 0.000164157 0.000268840 -0.000039814 -0.000164164 1.000000000 -0.000541141
1.000000000 -0.000132922 0.000009951 0.000436607 0.000132918 0.999999940 0.000337891 -0.000091586 -0.000009996 -0.000337889 0.999999940 -0.000333921
1.000000000 -0.000186479 0.000042900 0.000326505 0.000186464 0.999999940 0.000346652 -0.000316593 -0.000042964 -0.000346644 0.999999940 0.000123553
0.999999821 -0.000568884 -0.000147530 0.001195802 0.000568962 0.999999702 0.000529283 -0.001642069 0.000147229 -0.000529367 0.999999821 0.000385893
1.000000000 0.000015375 0.000047018 -0.000522630 -0.000015379 1.000000000 0.000080823 0.000986757 -0.000047017 -0.000080824 1.000000000 -0.000095383
1.000000000 -0.000187379 0.000031354 0.000333635 0.000187373 0.999999940 0.000167525 0.000670380 -0.000031385 -0.000167519 1.000000000 -0.000695792
1.000000000 -0.000177808 -0.000111467 -0.000007641 0.000177863 0.999999881 0.000490601 -0.000476938 0.000111380 -0.000490621 0.999999881 0.000266982
1.000000000 -0.000080057 0.000029953 0.000068497 0.000080050 0.999999940 0.000236894 0.000064787 -0.000029971 -0.000236892 1.000000000 -0.000062336
0.999999881 -0.000517408 -0.000001645 0.000183157 0.000517409 0.999999762 0.000391531 -0.000024423 0.000001442 -0.000391532 0.999999940 0.000207509
0.999999940 -0.000306094 -0.000054873 0.000342587 0.000306109 0.999999940 0.000263684 0.000135080 0.000054792 -0.000263701 0.999999940 0.000165235
0.999999940 -0.000254823 0.000096143 -0.000347614 0.000254767 0.999999821 0.000581017 -0.001045735 -0.000096291 -0.000580993 0.999999821 0.000859623
0.999999940 -0.000212310 0.000254604 0.000510389 0.000212197 0.999999881 0.000445512 -0.000006775 -0.000254698 -0.000445458 0.999999881 0.000290415
1.000000000 0.000120172 0.000080232 0.000132349 -0.000120196 0.999999940 0.000295623 0.000942694 -0.000080197 -0.000295633 0.999999940 0.000304535
1.000000000 -0.000216611 -0.000110959 0.000051974 0.000216633 0.999999940 0.000200422 0.000181212 0.000110915 -0.000200446 1.000000000 -0.000169033
1.000000000 0.000053272 -0.000067127 0.000556485 -0.000053256 1.000000000 0.000231468 0.000072075 0.000067139 -0.000231464 1.000000000 0.000341572
1.000000000 0.000193343 -0.000130007 0.000396566 -0.000193327 1.000000000 0.000119399 0.000353671 0.000130030 -0.000119374 1.000000000 -0.000694207
0.999999940 -0.000350312 -0.000111856 0.000295951 0.000350363 0.999999821 0.000458989 -0.000333003 0.000111695 -0.000459028 0.999999881 -0.000551850
0.999999940 -0.000358320 0.000025826 0.000347318 0.000358309 0.999999821 0.000437504 0.000112214 -0.000025983 -0.000437495 0.999999881 0.000029589
0.999999881 -0.000403856 -0.000133805 0.000439472 0.000403904 0.999999881 0.000362745 0.000087342 0.000133658 -0.000362799 0.999999940 -0.000149533
0.999999702 -0.000745593 -0.000112577 0.000302994 0.000745673 0.999999464 0.000713458 -0.000604628 0.000112045 -0.000713541 0.999999762 -0.000636144
0.999999821 -0.000535230 -0.000136538 0.000817932 0.000535303 0.999999702 0.000530563 -0.000493498 0.000136254 -0.000530636 0.999999821 -0.000225793
0.999999940 -0.000226592 -0.000092426 0.001336176 0.000226616 0.999999940 0.000260786 -0.000130903 0.000092367 -0.000260807 0.999999940 0.001865211
1.000000000 -0.000084902 0.000022980 0.000971067 0.000084893 0.999999940 0.000374994 -0.000720976 -0.000023012 -0.000374992 0.999999940 -0.000332248
0.999999940 -0.000282563 0.000047128 0.000531492 0.000282542 0.999999881 0.000429212 -0.000876435 -0.000047249 -0.000429198 0.999999881 0.000600766
0.999999583 -0.000928881 -0.000175499 0.000975037 0.000929007 0.999999285 0.000716770 -0.000888665 0.000174833 -0.000716933 0.999999702 -0.000870053
1.000000000 -0.000099232 0.000110970 0.000518108 0.000099191 0.999999940 0.000366746 -0.000261649 -0.000111007 -0.000366735 0.999999940 -0.000324110
1.000000000 -0.000213025 -0.000075563 0.001103619 0.000213060 0.999999881 0.000457725 -0.000186518 0.000075465 -0.000457741 0.999999881 0.000152309
0.999999881 -0.000493120 -0.000169986 0.000304536 0.000493210 0.999999762 0.000526788 -0.000399981 0.000169726 -0.000526872 0.999999821 0.000174250
1.000000000 -0.000170932 -0.000021144 0.000374006 0.000170944 0.999999821 0.000538920 -0.000196856 0.000021052 -0.000538923 0.999999881 0.000094778
0.999999821 -0.000595198 -0.000001405 0.000299778 0.000595199 0.999999642 0.000587091 -0.000489809 0.000001056 -0.000587091 0.999999821 0.000094632
1.000000000 0.000020082 0.000076513 -0.000240620 -0.000020109 0.999999940 0.000352105 -0.000116211 -0.000076506 -0.000352106 0.999999940 0.000584085
1.000000000 -0.000032794 -0.000118906 0.000644209 0.000032821 1.000000000 0.000232286 -0.000185493 0.000118898 -0.000232290 0.999999940 0.001007557
1.000000000 0.000027337 0.000034209 0.000229361 -0.000027347 0.999999940 0.000274166 -0.000806128 -0.000034202 -0.000274167 0.999999940 0.000408930
0.999999940 -0.000320212 -0.000056789 0.000260699 0.000320222 0.999999940 0.000170118 0.001093435 0.000056735 -0.000170136 1.000000000 -0.000550232
0.999999940 -0.000233465 0.000169253 0.000191184 0.000233399 0.999999881 0.000389850 0.000255299 -0.000169344 -0.000389810 0.999999881 0.000333842
0.999999821 -0.000573950 0.000153233 -0.000198933 0.000573833 0.999999523 0.000765942 -0.000055184 -0.000153672 -0.000765854 0.999999702 0.000594907
0.999999821 -0.000572463 0.000072808 0.000264592 0.000572409 0.999999583 0.000734539 -0.000642764 -0.000073229 -0.000734498 0.999999702 -0.000178638
0.999999940 -0.000228830 0.000086686 -0.000197055 0.000228788 0.999999881 0.000486095 -0.000044388 -0.000086797 -0.000486075 0.999999881 0.000376044
0.999999881 -0.000522000 0.000080840 0.000330812 0.000521925 0.999999464 0.000920126 -0.000779548 -0.000081320 -0.000920084 0.999999583 -0.000010048
1.000000000 -0.000116485 -0.000035535 0.000055894 0.000116500 0.999999881 0.000419764 0.000168140 0.000035486 -0.000419768 0.999999940 -0.000283453
0.999999940 -0.000266808 -0.000013416 -0.000232347 0.000266812 0.999999940 0.000259896 -0.000065075 0.000013346 -0.000259900 0.999999940 0.000739329
0.999999881 -0.000429667 -0.000007365 0.000442449 0.000429670 0.999999881 0.000328447 0.000235538 0.000007224 -0.000328450 0.999999940 0.000124076
0.999999940 -0.000331214 -0.000165831 0.000802742 0.000331262 0.999999881 0.000289729 0.000129670 0.000165735 -0.000289784 0.999999940 -0.000011886
0.999999940 -0.000386196 0.000108881 0.000223919 0.000386129 0.999999762 0.000616900 -0.000758267 -0.000109119 -0.000616858 0.999999821 -0.000749503
0.999999940 -0.000156638 -0.000210311 0.002036904 0.000156721 0.999999940 0.000392706 -0.000250765 0.000210249 -0.000392739 0.999999881 0.002171166
0.999999940 -0.000327900 -0.000072205 0.000437111 0.000327922 0.999999881 0.000302346 -0.000134536 0.000072106 -0.000302369 0.999999940 -0.000181368
0.999999940 -0.000305897 -0.000096695 0.000425494 0.000305955 0.999999762 0.000602120 -0.000430141 0.000096511 -0.000602150 0.999999821 0.000458149
1.000000000 -0.000106140 0.000136481 0.000475829 0.000106067 0.999999821 0.000538376 -0.000542203 -0.000136539 -0.000538362 0.999999821 -0.000015783
0.999999821 -0.000633693 -0.000043661 0.000600710 0.000633719 0.999999642 0.000600026 -0.000433536 0.000043281 -0.000600054 0.999999821 0.000267874
0.999999940 -0.000289826 -0.000004785 0.000747726 0.000289828 0.999999881 0.000437981 -0.000134353 0.000004658 -0.000437982 0.999999881 0.000547243
1.000000000 -0.000042683 0.000055454 0.000471290 0.000042659 0.999999881 0.000433800 -0.000117413 -0.000055472 -0.000433797 0.999999881 0.000354747
0.999999940 -0.000318889 -0.000108733 0.000592133 0.000318957 0.999999762 0.000627648 -0.000550475 0.000108533 -0.000627683 0.999999821 -0.000000913
1.000000000 -0.000223988 -0.000006717 0.000513946 0.000223991 0.999999881 0.000459526 -0.000536133 0.000006614 -0.000459528 0.999999881 0.000545123
0.999999881 -0.000453962 -0.000010430 0.000768297 0.000453969 0.999999642 0.000693024 -0.001092292 0.000010115 -0.000693029 0.999999762 -0.000065320
0.999999881 -0.000477298 0.000092073 0.000257945 0.000477282 0.999999881 0.000178412 -0.000099579 -0.000092158 -0.000178368 1.000000000 0.000711991
0.999999881 -0.000466924 0.000116096 0.000488305 0.000466891 0.999999821 0.000285189 -0.000050226 -0.000116229 -0.000285135 0.999999940 -0.000571011
0.999999940 -0.000258659 -0.000129341 0.000653907 0.000258762 0.999999642 0.000801395 -0.000798797 0.000129134 -0.000801428 0.999999642 0.000139893
1.000000000 -0.000172372 -0.000034400 0.000347651 0.000172378 0.999999940 0.000173630 -0.000119199 0.000034370 -0.000173636 1.000000000 -0.000440122
1.000000000 -0.000076617 0.000142339 0.000821014 0.000076599 1.000000000 0.000126180 -0.000189885 -0.000142348 -0.000126169 1.000000000 0.000071192
0.999999762 -0.000677393 -0.000080479 0.001250078 0.000677435 0.999999642 0.000516979 -0.000543794 0.000080129 -0.000517033 0.999999881 -0.000457536
0.999999881 -0.000401882 0.000342058 0.000015885 0.000401732 0.999999821 0.000439323 0.000252902 -0.000342234 -0.000439185 0.999999821 -0.000778575
1.000000000 0.000084552 0.000089389 0.000269252 -0.000084570 1.000000000 0.000200392 0.000028164 -0.000089372 -0.000200400 1.000000000 -0.000247309
0.999999940 -0.000392429 0.000149763 -0.000085958 0.000392381 0.999999881 0.000315393 0.000101539 -0.000149887 -0.000315334 0.999999940 -0.001780066
0.999999940 -0.000283261 0.000072237 0.000451746 0.000283231 0.999999881 0.000413033 0.000311135 -0.000072354 -0.000413012 0.999999940 -0.001088241
0.999999940 -0.000357769 0.000066924 0.000271756 0.000357740 0.999999821 0.000438615 -0.000371503 -0.000067081 -0.000438591 0.999999881 0.000042091
0.999999762 -0.000652958 0.000125302 0.000403751 0.000652916 0.999999762 0.000328067 -0.000209526 -0.000125517 -0.000327986 0.999999940 -0.000930266
1.000000000 -0.000013743 -0.000053274 0.000596892 0.000013749 1.000000000 0.000115664 -0.000186397 0.000053272 -0.000115664 1.000000000 0.000332013
0.999999881 -0.000526960 -0.000031219 0.000183954 0.000526975 0.999999762 0.000481561 -0.000541208 0.000030966 -0.000481577 0.999999881 -0.000226658
0.999999821 -0.000561083 0.000138688 0.000219442 0.000561033 0.999999762 0.000364312 -0.000129520 -0.000138892 -0.000364234 0.999999940 -0.000114444
1.000000000 0.000026675 -0.000060872 0.000099641 -0.000026662 1.000000000 0.000224137 -0.000169747 0.000060878 -0.000224136 1.000000000 0.000245875
1.000000000 0.000072770 0.000101372 -0.000132898 -0.000072797 0.999999940 0.000262692 -0.000081581 -0.000101353 -0.000262699 0.999999940 0.000691134
0.999999940 -0.000207040 0.000170563 0.000122938 0.000206970 0.999999881 0.000412510 0.000329273 -0.000170648 -0.000412475 0.999999881 -0.000505975
1.000000000 -0.000116882 0.000097402 0.000655269 0.000116781 0.999999464 0.001035953 0.000943249 -0.000097523 -0.001035942 0.999999464 0.004249542
0.999996603 -0.002601879 0.000209848 -0.000155501 0.002601170 0.999991119 0.003313750 0.000143033 -0.000218468 -0.003313192 0.999994516 0.001055217
0.999986947 -0.005104389 -0.000197799 -0.000333917 0.005104999 0.999981761 0.003219348 0.000059061 0.000181362 -0.003220316 0.999994814 -0.000921320
0.999962687 -0.008582770 -0.000958587 0.001247745 0.008586464 0.999955475 0.003918962 -0.000669807 0.000924909 -0.003927046 0.999991834 -0.000903490
0.999962509 -0.008628367 -0.000703021 0.000697368 0.008631283 0.999953687 0.004256855 -0.000212275 0.000666259 -0.004262764 0.999990702 -0.001965304
0.999969184 -0.007826162 -0.000608444 0.000344770 0.007828500 0.999961615 0.003940861 0.000088948 0.000577578 -0.003945503 0.999992073 0.000811346
0.999978542 -0.006514711 -0.000644081 -0.000705916 0.006516346 0.999975443 0.002570603 0.000458995 0.000627319 -0.002574745 0.999996483 -0.001327955
0.999983728 -0.005658370 -0.000753652 0.000569408 0.005660147 0.999981165 0.002377992 0.000773000 0.000740182 -0.002382219 0.999996901 0.001145867
0.999977171 -0.006668231 -0.001100541 0.000135842 0.006668930 0.999977589 0.000632698 -0.001195313 0.001096297 -0.000640023 0.999999166 0.001036249
0.999968290 -0.006838420 -0.004087369 -0.002160884 0.006798505 0.999929845 -0.009700852 -0.002688664 0.004153421 0.009672756 0.999944568 0.005474907
0.999972999 -0.006258152 -0.003849951 -0.005396702 0.006206008 0.999890804 -0.013410195 0.001005826 0.003933453 0.013385940 0.999902666 0.000939193
0.999976516 -0.006100680 -0.003113468 -0.003231993 0.006072204 0.999940395 -0.009074875 0.002875040 0.003168646 0.009055757 0.999953985 0.003090584
0.999976218 -0.006621175 -0.001937489 -0.001146904 0.006614599 0.999972403 -0.003381079 0.001279974 0.001959823 0.003368183 0.999992430 0.000315244
0.999978244 -0.006181416 -0.002308528 0.001418211 0.006175477 0.999977648 -0.002570974 -0.000324541 0.002324369 0.002556662 0.999994040 0.003944559
0.999976575 -0.006507582 -0.002117861 0.001022261 0.006502492 0.999975979 -0.002401603 0.000192020 0.002133439 0.002387775 0.999994874 0.002114726
0.999973476 -0.007013643 -0.001957706 0.000441855 0.007009913 0.999973595 -0.001905668 -0.000921833 0.001971021 0.001891894 0.999996245 0.001215331
0.999969244 -0.007600614 -0.001942188 0.000074680 0.007597217 0.999969602 -0.001750550 -0.000171474 0.001955434 0.001735741 0.999996603 0.000507981
0.999970794 -0.007424611 -0.001797585 0.000841087 0.007424300 0.999972403 -0.000179746 -0.000258818 0.001798870 0.000166395 0.999998391 0.002221868
0.999991775 -0.004048888 0.000279218 -0.000877990 0.004048617 0.999991357 0.000964414 -0.000327913 -0.000283120 -0.000963276 0.999999523 0.000345643
0.999995351 -0.001935657 0.002405416 -0.002714912 0.001929967 0.999995351 0.002365590 -0.001063022 -0.002409984 -0.002360936 0.999994278 -0.005354682
0.999991000 -0.001605731 0.003940327 -0.002157666 0.001591898 0.999992669 0.003511357 -0.000822337 -0.003945936 -0.003505053 0.999986112 -0.007639995
0.999987483 -0.001241174 0.004850478 -0.002355071 0.001223264 0.999992430 0.003693578 0.000065177 -0.004855026 -0.003687598 0.999981463 -0.008729897
0.999987841 -0.001897036 0.004567931 -0.001641226 0.001876106 0.999987781 0.004581846 -0.000895506 -0.004576567 -0.004573221 0.999979079 -0.007326060
0.999986053 -0.001459313 0.005071363 -0.001137590 0.001436520 0.999988794 0.004495194 0.001399446 -0.005077867 -0.004487845 0.999977052 -0.008429372
0.999979913 -0.001942148 0.006026029 -0.000762963 0.001901141 0.999975026 0.006803236 0.001643469 -0.006039092 -0.006791643 0.999958694 -0.009094214
0.999979019 -0.001872702 0.006180290 -0.002114438 0.001828861 0.999973118 0.007091797 0.001213495 -0.006193405 -0.007080347 0.999955773 -0.009312938
0.999978125 -0.002965748 0.005893121 -0.002369888 0.002924102 0.999970794 0.007062873 0.001355438 -0.005913895 -0.007045487 0.999957621 -0.009442343
0.999984562 -0.002105596 0.005132263 -0.001957262 0.002075271 0.999980390 0.005906864 0.001233835 -0.005144600 -0.005896122 0.999969363 -0.008678017
0.999983549 -0.001671065 0.005486755 -0.001454534 0.001645316 0.999987602 0.004694241 0.002149415 -0.005494531 -0.004685136 0.999973953 -0.009518621
0.999980986 -0.002421547 0.005675119 -0.001135536 0.002393444 0.999984860 0.004953518 0.001640200 -0.005687029 -0.004939840 0.999971628 -0.008135030
0.999979258 -0.001463575 0.006253710 -0.000750782 0.001433801 0.999987662 0.004762834 0.001424587 -0.006260603 -0.004753770 0.999969065 -0.009071918
0.999977410 -0.000089205 0.006724179 0.000198247 0.000051715 0.999984503 0.005575361 0.002120635 -0.006724572 -0.005574887 0.999961853 -0.009416468
0.999968410 0.000077353 0.007938748 -0.000670766 -0.000142514 0.999966264 0.008207732 0.001995688 -0.007937847 -0.008208605 0.999934793 -0.010852331
0.999970376 0.000350615 0.007679036 0.001193807 -0.000424031 0.999954164 0.009561012 0.002263089 -0.007675332 -0.009563985 0.999924839 -0.010105463
0.999963164 0.000463478 0.008568991 0.000402975 -0.000554526 0.999943316 0.010625989 0.003732901 -0.008563582 -0.010630351 0.999906778 -0.013353551
0.999958158 0.000886767 0.009099561 0.002131055 -0.001002879 0.999918044 0.012763462 0.003730282 -0.009087496 -0.012772053 0.999877155 -0.014333417
0.999958158 0.000518716 0.009130807 0.002046599 -0.000640659 0.999910593 0.013357232 0.003037344 -0.009123063 -0.013362525 0.999869049 -0.013521708
0.999951065 0.001495076 0.009775629 0.002539866 -0.001617625 0.999920070 0.012540371 0.006043924 -0.009756101 -0.012555570 0.999873579 -0.013606650
0.999951363 0.000361566 0.009855356 0.001602442 -0.000491633 0.999912739 0.013198428 0.004419668 -0.009849725 -0.013202630 0.999864399 -0.016129939
0.999942899 -0.000686370 0.010665854 0.004938093 0.000543074 0.999909580 0.013432074 0.007845033 -0.010674108 -0.013425515 0.999852896 -0.015226093
0.999938250 -0.001715532 0.010976756 0.005155747 0.001562233 0.999901295 0.013959142 0.008092551 -0.010999618 -0.013941133 0.999842346 -0.017034620
0.999936223 -0.001845185 0.011151528 0.005756074 0.001683000 0.999892950 0.014535740 0.008508837 -0.011177158 -0.014516042 0.999832094 -0.015835045
0.999931574 -0.001715281 0.011570480 0.004809980 0.001547092 0.999893248 0.014529361 0.008602571 -0.011594168 -0.014510466 0.999827445 -0.017194320
0.999923587 -0.002167008 0.012170732 0.005308714 0.001972639 0.999870718 0.015959559 0.008063928 -0.012203743 -0.015934329 0.999798536 -0.018357377
0.999915540 -0.002674186 0.012723616 0.006670469 0.002459483 0.999854863 0.016860234 0.009129560 -0.012766857 -0.016827513 0.999776900 -0.018999169
0.999902427 -0.003870595 0.013427623 0.006180063 0.003651434 0.999860346 0.016307930 0.010557218 -0.013488870 -0.016257303 0.999776900 -0.019453835
0.999895692 -0.006423816 0.012939094 0.005802689 0.006201344 0.999833524 0.017161127 0.010505395 -0.013047179 -0.017079094 0.999769032 -0.021155398
0.999886990 -0.008120860 0.012655210 0.006099300 0.007885155 0.999796569 0.018565100 0.009931055 -0.012803399 -0.018463211 0.999747574 -0.019775664
0.999879479 -0.009314679 0.012425510 0.005969938 0.009067374 0.999762595 0.019813031 0.009582113 -0.012607113 -0.019697970 0.999726534 -0.019962005
0.999887228 -0.008295909 0.012520526 0.005706398 0.008052560 0.999780059 0.019362818 0.012231419 -0.012678404 -0.019259810 0.999734104 -0.021468498
0.999894202 -0.006801600 0.012856051 0.004700840 0.006555052 0.999795616 0.019123387 0.011965147 -0.012983493 -0.019037090 0.999734461 -0.021699267
0.999888361 -0.007295750 0.013045012 0.004048314 0.007053188 0.999803185 0.018544551 0.013988552 -0.013177739 -0.018450469 0.999742985 -0.019541236
0.999696612 -0.021467568 0.012081682 0.001209967 0.021276182 0.999649584 0.015752627 0.014980752 -0.012415620 -0.015490793 0.999802947 -0.018581688
0.999260008 -0.036163393 0.013102735 -0.003328319 0.035999663 0.999273419 0.012522793 0.013663659 -0.013546081 -0.012041830 0.999835730 -0.021197302
0.998893678 -0.043015942 0.019000113 -0.008443836 0.043070417 0.999068975 -0.002466812 0.019728366 -0.018876316 0.003282426 0.999816418 -0.025045903
0.998685420 -0.045217972 0.024138868 -0.014583185 0.045625925 0.998820305 -0.016625281 0.018137740 -0.023358632 0.017704785 0.999570310 -0.025985885
0.998342693 -0.049102634 0.030013021 -0.028429415 0.049949706 0.998354733 -0.028156873 0.010005415 -0.028581070 0.029609352 0.999152780 -0.028778160
0.998190403 -0.050773848 0.032215841 -0.028643098 0.051752526 0.998199880 -0.030308926 0.011673554 -0.030618951 0.031921335 0.999021232 -0.024285430
0.998061776 -0.052708115 0.033083662 -0.032772757 0.053786051 0.998020649 -0.032584339 0.006772050 -0.031300724 0.034300618 0.998921335 -0.020361455
0.997943461 -0.054847065 0.033175178 -0.036973525 0.055937853 0.997892141 -0.032896481 0.004679925 -0.031300977 0.034684584 0.998908043 -0.021115877
0.998079956 -0.052498505 0.032868601 -0.031581286 0.053758536 0.997803628 -0.038702779 0.012933677 -0.030764576 0.040395439 0.998709977 -0.022216611
0.998113394 -0.048563279 0.037567910 -0.032511093 0.050206486 0.997764349 -0.044108413 0.013012748 -0.035341870 0.045911353 0.998320162 -0.021499250
0.997762322 -0.046037000 0.048487086 -0.032514643 0.048435308 0.997598588 -0.049507447 0.013706684 -0.046091478 0.051745147 0.997596145 -0.026555588
0.997026980 -0.048614729 0.059780985 -0.032938376 0.051762059 0.997290194 -0.052277081 0.013284093 -0.057077557 0.055216044 0.996841669 -0.026757978
0.996401906 -0.051173255 0.067561321 -0.031565469 0.055237215 0.996685624 -0.059720993 0.018901758 -0.064281270 0.063238017 0.995926142 -0.026836209
0.995965779 -0.048895538 0.075241894 -0.031271748 0.053228244 0.996971369 -0.056697983 0.019426528 -0.072241746 0.060474250 0.995552003 -0.028755333
0.996401548 -0.038122717 0.075700931 -0.027201107 0.040790472 0.998588741 -0.034012523 0.029683663 -0.074297436 0.036978014 0.996550262 -0.067322470
0.996318161 -0.033163395 0.079060107 -0.029305985 0.036077868 0.998710215 -0.035724722 0.031720698 -0.077773385 0.038445506 0.996229470 -0.067550510
0.996266544 -0.038407974 0.077315889 -0.029591022 0.041139737 0.998572826 -0.034054782 0.028775381 -0.075897567 0.037108395 0.996424854 -0.067780055
0.996259868 -0.039629500 0.076784343 -0.027402677 0.042322628 0.998533070 -0.033769377 0.028787578 -0.075333454 0.036892787 0.996475697 -0.067909427
0.996156693 -0.039243657 0.078305542 -0.028463671 0.041985549 0.998550296 -0.033681072 0.027878907 -0.076870263 0.036839321 0.996360362 -0.067550220
0.995365858 -0.036204513 0.089084409 -0.026698280 0.039433084 0.998617709 -0.034752216 0.031818327 -0.087703094 0.038104046 0.995417595 -0.069776855
0.993408561 -0.040615175 0.107190773 -0.025326427 0.044485223 0.998432517 -0.033962708 0.034680136 -0.105643377 0.038507249 0.993658245 -0.078214332
0.991530597 -0.038713429 0.123969518 -0.027310584 0.043594092 0.998367548 -0.036901303 0.043557011 -0.122338563 0.041993111 0.991599679 -0.084339082
0.990269482 -0.035417590 0.134580597 -0.029597733 0.039995227 0.998704314 -0.031463258 0.053797282 -0.133291900 0.036539674 0.990402997 -0.107055314
0.988967121 -0.039159302 0.142865807 -0.023959724 0.041147485 0.999092638 -0.010987466 0.057040405 -0.142305940 0.016744813 0.989681065 -0.122577958
0.988036156 -0.038620546 0.149308443 -0.018200662 0.039939720 0.999185026 -0.005845714 0.060768295 -0.148961008 0.011739112 0.988773406 -0.127847984
0.988088608 -0.033049010 0.150295570 -0.017738719 0.034924205 0.999341428 -0.009853674 0.065466128 -0.149870962 0.014985258 0.988592029 -0.129667670
0.987870038 -0.024299983 0.153370008 -0.019184612 0.025642874 0.999648213 -0.006783532 0.069525182 -0.153151184 0.010634102 0.988145530 -0.135671675
0.986871660 -0.011898480 0.161067411 -0.013272437 0.011363223 0.999926448 0.004243948 0.071459442 -0.161106035 -0.002357989 0.986934304 -0.143866047
0.985930026 -0.005076553 0.167081624 -0.010835191 0.003029630 0.999917209 0.012503647 0.069814764 -0.167131260 -0.011821527 0.985863864 -0.151266828
0.985298753 0.004044710 0.170792297 -0.009359213 -0.007092618 0.999826252 0.017239284 0.070397191 -0.170692891 -0.018197209 0.985156119 -0.155564100
0.982489109 0.027451895 0.184286356 -0.005854381 -0.029515347 0.999528587 0.008462637 0.085641131 -0.183967173 -0.013753724 0.982836187 -0.158992589
0.978699863 0.054761991 0.197857425 -0.002992537 -0.056955874 0.998362064 0.005410067 0.099359408 -0.197237059 -0.016563976 0.980215907 -0.168967977
0.974665761 0.068516642 0.212913200 -0.006203186 -0.071974367 0.997370124 0.008522255 0.103909895 -0.211769372 -0.023630643 0.977033973 -0.180081531
0.972853184 0.074280411 0.219178215 -0.003826305 -0.078007631 0.996917427 0.008388282 0.109766655 -0.217879534 -0.025258141 0.975648701 -0.187253281
0.972955942 0.070825621 0.219864726 -0.003006190 -0.074501909 0.997185051 0.008463531 0.109912530 -0.218646377 -0.024614988 0.975493729 -0.189143151
0.973564744 0.069253705 0.217659533 -0.009306248 -0.074253231 0.997128665 0.014864772 0.112669505 -0.216005147 -0.030633744 0.975911558 -0.182595730
0.976584435 0.066762745 0.204513028 -0.015889093 -0.074098900 0.996845961 0.028417015 0.106760472 -0.201970816 -0.042905807 0.978451312 -0.168311447
0.979338884 0.063529454 0.191987813 -0.022557890 -0.071336269 0.996871948 0.034021128 0.105174102 -0.189225897 -0.047013905 0.980807543 -0.155122936
0.981164336 0.060292218 0.183525130 -0.030864742 -0.066532217 0.997390509 0.028029727 0.099386252 -0.181356221 -0.039712101 0.982615292 -0.136447892
0.983121455 0.058665287 0.173293367 -0.034350112 -0.062419124 0.997917235 0.016287342 0.098356396 -0.171976879 -0.026829256 0.984735608 -0.102131374
0.985561550 0.054415159 0.160335243 -0.033051819 -0.056707248 0.998343170 0.009751357 0.093040764 -0.159538954 -0.018702736 0.987014472 -0.057680268
0.987974882 0.049957722 0.146320671 -0.039691877 -0.051697887 0.998629868 0.008111902 0.081512339 -0.145714954 -0.015578826 0.989203990 -0.031549871
0.989348114 0.053845506 0.135244295 -0.043294437 -0.055301968 0.998445034 0.007032700 0.077600524 -0.134655267 -0.014437066 0.990787327 -0.006707058
0.990445256 0.057754502 0.125230804 -0.051992964 -0.058966164 0.998242021 0.005987218 0.070589401 -0.124664880 -0.013314397 0.992109597 0.009390870
0.991793990 0.056876037 0.114498481 -0.058172360 -0.057566982 0.998337924 0.002734396 0.064878285 -0.114152640 -0.009303294 0.993419588 0.027321208
0.992849827 0.052699640 0.107107870 -0.066143841 -0.052858967 0.998601019 -0.001352862 0.055116918 -0.107029304 -0.004318425 0.994246542 0.052633572
0.993848443 0.051166747 0.098220646 -0.064095125 -0.050778504 0.998689175 -0.006450149 0.045992307 -0.098421931 0.001422971 0.995143712 0.081473343
0.994213998 0.050697241 0.094701357 -0.077611759 -0.050140403 0.998708069 -0.008251687 0.035435993 -0.094997346 0.003455577 0.995471537 0.095837422
0.994519651 0.050377667 0.091611825 -0.084005825 -0.049166750 0.998671472 -0.015428538 0.034546603 -0.092267357 0.010839729 0.995675266 0.110665396
0.995124042 0.046861675 0.086788043 -0.093849339 -0.045274876 0.998771012 -0.020163655 0.026136912 -0.087626286 0.016136022 0.996022761 0.121008985
0.995575726 0.048699290 0.080358565 -0.097600430 -0.046851031 0.998595655 -0.024728604 0.019739011 -0.081450000 0.020854311 0.996459186 0.145442456
0.995783389 0.051485751 0.075925365 -0.101075083 -0.049507875 0.998389244 -0.027707536 0.013278317 -0.077229604 0.023831803 0.996728480 0.154164121
0.996022701 0.049956311 0.073777899 -0.106986374 -0.047753084 0.998367608 -0.031331908 0.005549777 -0.075222686 0.027684173 0.996782303 0.176948354
0.996265173 0.050235432 0.070228793 -0.108253829 -0.047738422 0.998181999 -0.036793724 0.003778851 -0.071949467 0.033303697 0.996852100 0.183004677
0.996574640 0.049225129 0.066453777 -0.115893550 -0.046452794 0.998010099 -0.042638700 -0.002577526 -0.068420425 0.039405681 0.996877968 0.192003161
0.996730864 0.047738954 0.065180436 -0.127352282 -0.044575535 0.997795999 -0.049154617 -0.006875193 -0.067383356 0.046088472 0.996662140 0.197339654
0.996947169 0.044915561 0.063866951 -0.135335624 -0.041629240 0.997784972 -0.051887717 -0.012838146 -0.066056028 0.049070582 0.996608615 0.203029037
