1.000000000 0.000000000 0.000000000 0.000000000 0.000000000 1.000000000 0.000000000 0.000000000 0.000000000 0.000000000 1.000000000 0.000000000
0.999998748 0.000124223 -0.001573378 0.002434178 -0.000121798 0.999998808 0.001541446 -0.001955945 0.001573567 -0.001541253 0.999997556 -0.000852711
0.999998271 -0.000372237 0.001821825 -0.002207867 0.000369675 0.999998927 0.001406207 -0.002260780 -0.001822346 -0.001405532 0.999997377 0.001006595
0.999999642 0.000773307 0.000302663 0.000485324 -0.000772574 0.999996781 -0.002413790 0.003325547 -0.000304529 0.002413555 0.999997020 0.001317232
0.999998868 -0.000112312 0.001495591 -0.001519193 0.000111460 0.999999821 0.000569504 -0.000927953 -0.001495655 -0.000569337 0.999998748 0.001346488
0.999998808 0.000804575 0.001298491 -0.001320282 -0.000802597 0.999998510 -0.001522665 0.001992178 -0.001299714 0.001521621 0.999997973 0.001947437
0.999998569 0.000458680 0.001631854 -0.001313346 -0.000457527 0.999999642 -0.000706841 0.000979223 -0.001632178 0.000706093 0.999998391 0.002241242
0.999993742 -0.000484680 0.003511103 -0.004397303 0.000477712 0.999997914 0.001985293 -0.002207406 -0.003512058 -0.001983603 0.999991894 0.001928832
0.999998271 -0.001195689 -0.001417360 0.002013952 0.001203908 0.999982357 0.005811911 -0.008491294 0.001410386 -0.005813607 0.999982119 0.000303685
0.999998808 0.000021515 0.001525086 -0.001427519 -0.000022490 0.999999821 0.000639256 -0.001133566 -0.001525072 -0.000639290 0.999998629 0.001422446
0.999989271 0.001169794 0.004486002 -0.005760612 -0.001161720 0.999997675 -0.001802170 0.002805078 -0.004488100 0.001796939 0.999988317 0.002526307
0.999999762 -0.000360548 0.000555438 -0.000240077 0.000359849 0.999999166 0.001258610 -0.001987104 -0.000555892 -0.001258410 0.999999046 0.001386154
0.999999166 -0.000947505 0.000885497 -0.001003699 0.000947212 0.999999523 0.000331586 -0.000985535 -0.000885811 -0.000330747 0.999999583 0.000467871
0.999992430 -0.000125914 -0.003888871 0.005481230 0.000120152 0.999998868 -0.001481702 0.001842304 0.003889053 0.001481224 0.999991357 -0.002589134
0.999996543 -0.000324842 0.002610187 -0.003079948 0.000325159 0.999999940 -0.000121112 -0.000202831 -0.002610148 0.000121960 0.999996603 0.002181117
0.999997735 -0.000370418 -0.002103554 0.002898982 0.000374832 0.999997735 0.002098253 -0.003112915 0.002102772 -0.002099037 0.999995589 -0.000832756
0.999998510 -0.001708889 0.000059661 0.000024159 0.001708706 0.999994218 0.002934855 -0.004687193 -0.000064676 -0.002934749 0.999995708 0.000319475
0.999997556 -0.000416540 0.002163290 -0.002721949 0.000414709 0.999999583 0.000846551 -0.001206529 -0.002163642 -0.000845652 0.999997318 0.002113019
0.999999344 0.000901332 -0.000674588 0.000482834 -0.000902595 0.999997854 -0.001873832 0.002504435 0.000672897 0.001874439 0.999998033 -0.000078794
0.999996841 -0.001238635 -0.002196476 0.002531065 0.001243917 0.999996364 0.002404741 -0.003416977 0.002193489 -0.002407466 0.999994695 -0.002125183
1.000000000 -0.000168759 0.000132147 -0.000153856 0.000168592 0.999999166 0.001263258 -0.001884837 -0.000132360 -0.001263236 0.999999166 0.000778418
0.999999523 -0.000491843 -0.000843126 0.000665800 0.000491115 0.999999523 -0.000863168 0.000693027 0.000843550 0.000862753 0.999999285 -0.000879876
0.999997497 -0.001958086 0.001082962 -0.001643466 0.001953491 0.999989152 0.004228102 -0.006655140 -0.001091229 -0.004225976 0.999990463 -0.000428792
0.999998987 -0.001326577 0.000533287 -0.000604208 0.001325247 0.999996006 0.002485036 -0.004363837 -0.000536581 -0.002484327 0.999996781 0.000962567
0.999999166 -0.000931256 -0.000883507 0.001148957 0.000935587 0.999987483 0.004914660 -0.006541386 0.000878919 -0.004915482 0.999987543 -0.000630534
0.999999881 -0.000348458 0.000328754 0.000037917 0.000347972 0.999998868 0.001476148 -0.002446640 -0.000329268 -0.001476034 0.999998868 0.000602851
0.999999762 -0.000652899 0.000172957 -0.000386031 0.000653197 0.999998271 -0.001730973 0.002311373 -0.000171827 0.001731086 0.999998510 0.000129876
0.999999940 -0.000160044 0.000290916 -0.000178685 0.000159159 0.999995351 0.003039465 -0.004046806 -0.000291401 -0.003039419 0.999995351 0.000299309
0.999998927 -0.000568710 -0.001345168 0.002030497 0.000565806 0.999997497 -0.002157669 0.002787519 0.001346392 0.002156906 0.999996781 -0.000261969
0.999998331 0.001099330 0.001444950 -0.001346272 -0.001098523 0.999999225 -0.000559005 0.001645670 -0.001445564 0.000557417 0.999998808 0.001360636
0.999999106 0.000661268 -0.001138744 0.001648080 -0.000657136 0.999993205 0.003624758 -0.004658028 0.001141133 -0.003624006 0.999992788 -0.000308905
0.999992609 0.001900550 -0.003345518 0.004876809 -0.001895440 0.999997020 0.001530155 -0.001669502 0.003348416 -0.001523802 0.999993205 0.000270188
0.999999583 0.000816890 -0.000418601 0.001006516 -0.000816471 0.999999166 0.001000722 -0.001324300 0.000419419 -0.001000380 0.999999404 0.000554480
0.999999106 0.000925023 -0.000994652 0.001549523 -0.000925041 0.999999583 -0.000017147 0.000082729 0.000994636 0.000018067 0.999999523 0.000512295
0.999999166 0.000239103 0.001281018 -0.001560193 -0.000239814 0.999999821 0.000554667 -0.000604258 -0.001280886 -0.000554973 0.999999046 0.000757083
0.999999583 -0.000929173 -0.000063006 0.000791767 0.000929538 0.999981165 0.006064040 -0.008752715 0.000057371 -0.006064096 0.999981582 0.001079586
0.999998808 0.000262779 0.001522025 -0.001432670 -0.000259913 0.999998212 -0.001882627 0.002354083 -0.001522517 0.001882229 0.999997079 0.002150288
0.999997497 0.000191498 -0.002228043 0.003570041 -0.000196607 0.999997377 -0.002293245 0.002744801 0.002227598 0.002293677 0.999994874 -0.000708628
0.999992907 0.001706227 -0.003349417 0.004855006 -0.001713283 0.999996305 -0.002105089 0.003047094 0.003345813 0.002110813 0.999992192 -0.000052454
0.999999285 -0.000348845 0.001153059 -0.001192457 0.000349592 0.999999642 -0.000647514 0.000461631 -0.001152833 0.000647916 0.999999046 0.000431681
0.999998212 -0.001344426 0.001329371 -0.001340844 0.001345473 0.999998808 -0.000786841 0.000546027 -0.001328312 0.000788628 0.999998808 0.000616298
0.999999881 0.000056212 0.000563867 -0.000697309 -0.000056176 1.000000119 -0.000064453 0.000188081 -0.000563871 0.000064421 0.999999821 -0.000209588
0.999999821 -0.000100230 0.000613402 -0.000742818 0.000100204 1.000000000 0.000042612 0.000156818 -0.000613406 -0.000042550 0.999999821 0.000003986
0.999999881 -0.000375257 0.000385369 -0.000565991 0.000375347 0.999999881 -0.000231576 0.000304134 -0.000385282 0.000231720 0.999999821 -0.000104504
0.999999285 0.000335584 0.001133120 -0.001183917 -0.000335628 0.999999881 0.000039425 0.000121732 -0.001133107 -0.000039805 0.999999285 0.000394214
